15583357243
18635000134
18884084888
13154400941
18382854467
13340729895
17000188821
18483772223
15282367357
18483553400
18113166289
13880288703
18123044137
13643000131
18180984386
18683927788
13438550697
18635000152
18608096545
16621000182
18283863294
18000198272
18482383057
15692834666
15183444670
15000181131
18215667436
18030869013
18784186674
18481208991
15000152840
13402844030
18982578754
18708123370
13084402401
13880286097
18990250041
18000130844
13551574340
18180593419
13183862069
15882098220
15982857462
15682272808
18481875901
18635000183
15000198811
19882440086
13881039904
18000158840
18180314736
13980768254
18882584282
13890040447
13643000134
18081829231
18728876962
18108227902
18048472304
13340643759
18382850916
18728887470
15928367560
18708335327
13643000152
18030519290
18808288362
15902855310
13709028061
13547370351
15082188136
18000188809
13438332617
13778470756
18081082732
18215963636
18000180082
18081084727
13688046986
18111098911
18728751872
13086407149
13980038077
19877702298
18981829528
13540838154
13438985036
18228238428
13001598201
15884084087
18283536426
18481206393
15000181814
13001814132
15000186080
15000166596
17637000155
13064350367
18635000138
13643000151
19827705279
18990253430
18000136883
18383480056
15000172083
19882095616
15196331171
13808119710
19881768063
17637000130
18635000180
18708140611
18990289904
18000131838
18382057376
13684178217
15928793083
18990288685
18000172552
13881539972
15000133783
13438620247
15583351314
18111408212
15000172081
18161369893
18000186080
16621000155
15281059292
18381264356
17000187831
18089585920
17000184082
18113106711
18113003936
18981155420
16621000137
18244465685
18483556064
19802862140
15983717092
15882632999
17637000198
18227205596
13458546749
18281113976
18781759309
17637000158
15282731112
18282481762
18880919186
18048472653
13198530512
13882940678
13001822442
18108225960
13350472215
18908145202
17000139822
13684228825
18635000181
13072883359
13909062859
18200216977
15182198270
13001388016
15984267794
18141321691
15000183811
17637000136
18381484816
13688120770
15883156155
18481740317
17637000184
17637000180
17637000156
18030865524
18384599528
18081681475
13001356837
15181407325
13980137559
16621000184
18349553141
16621000152
18635000151
15681524164
13981672829
18108028059
13688333698
13708052885
15228927425
18123488747
18482364500
15882195972
13778077527
16621000172
18635000182
18228887689
18180299933
13408013315
18990287578
18000131986
13558844496
18244496122
13458681989
18280283937
15583762541
18200468951
13198131722
15881582320
15000172141
15828987821
13086500009
13881504581
15000195836
18280699905
15000181166
13980708351
18011112995
16621000159
18000181081
18215772986
15000189800
18981151298
18011528978
18123355065
13551978170
15808254300
18140335258
13679020494
15082112741
13001354099
13568317319
18181115556
17637000151
18000165151
18635000184
18228298755
13001822795
13094556262
17000135183
18283908928
13880506977
18383554193
18882008810
13643000139
16621000139
13438924095
13678285168
17637000188
18215756958
15000180488
17637000159
13001568092
18880836023
16621000181
18483715599
18048660195
16621000130
18681375231
19881621226
16621000135
16621000187
18090572146
13198235652
18180037316
18040414649
18781447751
18096295478
13643000158
17637000186
15828056979
13693441812
13982837980
18635000166
18381738458
17637000181
16621000189
18982050176
15828980611
18096299418
13643000137
18828882384
13643000183
19827865881
13678137801
18608103081
18000130601
16621000183
13350068998
15583819446
18000138805
13194841912
18000172141
18081266370
16621000158
13001350826
18635000159
17637000172
15281763139
18200463024
18190609046
13688337720
18681745833
15282619832
15828117060
13194976873
18782153264
18008134342
13643000135
16683290845
15000183839
15692846014
18180007929
19881435941
18483020212
18784489459
15181546964
15000134583
18635000172
18728463304
18788942025
18123353801
18349650850
15000189825
13198636137
15000186837
13778817033
13198890961
18000134028
18881112503
16621000195
18000180805
13001518277
13508265907
18635000189
18000188827
13643000184
18284479063
13558844621
13438743411
18683261517
18383777201
13194849136
18000152982
13408359688
13060142399
13440137006
13438601481
18800996960
13108261306
18180134397
18882714497
13643000182
18881561664
18428914769
18781444547
15583888445
15000181819
18380110801
18108049291
18040354099
19881377622
18284620563
18635000130
18081322052
13350630728
17637000134
18161262701
18728714258
18382972487
18180573247
13980639718
13402853065
18382210307
16628068672
15181076164
18000189812
18784341161
13001822432
15228235243
13094553557
17000181231
18380543898
13730899835
18215756708
15000152083
13882835405
18141331985
17637000152
18180774438
13111892802
13679079032
19882131308
15528446981
13198128101
18942825353
18784437936
15182771712
13881654006
15884025679
15000187281
15682461362
18780341875
16621000180
15520372844
18990615066
18228298149
13001398204
18116666535
18228679314
18080044659
18628045199
19822972513
18140194094
15528444316
15984898392
17637000139
13038108569
18224061582
18161130566
13679645009
18116617220
18140316742
13908114218
15881441397
18635000137
15283622789
15609019561
18000151969
18349992221
13643000188
15181873533
18635000165
18000158847
15983083296
15181897810
18635000156
13568700831
13778525800
13643000189
17000188829
15681064563
15181331917
18180645359
18144217845
15882266467
13778814966
15680221985
18000155837
18635000158
15000137781
16621000156
15681796798
18080018597
18040408721
18000152829
15000187816
18000184828
13678133634
18040359486
15881817266
18635000198
13700924329
13001878020
18113252071
15000151969
13388169220
15982405161
13981124885
13778418515
18000195831
15520328427
15282192415
15983677262
16621000138
13890955385
15692843650
15184480613
15228479550
13198595813
18728256663
13001399041
13084327867
13629093281
13684465908
13350569447
18788942148
15583761649
19828780359
18000150084
13108230275
18328199028
19881810414
13551279620
13880541139
18482237380
19882227370
13438667870
18048163061
18482395804
13096186860
13568984462
18328621129
18280428038
19808213200
13684130289
13001388138
15608261380
16621000134
18111595079
13890234411
18000136581
19882229657
18181540863
18030445959
15198124424
18780208693
15283458599
15000180812
13795803559
15984242727
13001368428
17000136080
13679069401
15282224110
13001588226
18121998398
15680095423
18123380326
13558615683
18740878972
18740873856
13198237892
18328485524
15983838466
18000155028
13001354848
15283924519
13890429867
17637000187
15283276922
13518333186
13018174435
18183385839
13981597945
15000136990
18280216047
15198215158
18081480072
13880169515
15881000821
18113712705
13990336586
13551313623
15183456972
15000158842
18000130600
18030742333
19882547917
15002810978
18881810275
15108160987
13198129579
13350905780
13698140260
18140339872
18328706847
15182181132
13001319485
18000187280
18000181804
18884839279
18880438867
18383023440
18782897301
13908168609
18942817244
13001388032
18880480729
15082112303
13001388050
15528158821
13882713083
13700929877
15681130747
18908109302
18000151982
13679029972
15892481937
18000195825
13350491389
13550547989
18161461492
17637000183
15982467542
15681590072
18384161758
15882653543
18380452375
15881057819
18628136746
13980707089
18982052550
13629090433
18108116063
18215540360
18208220975
13108237110
13658118443
18482771805
15182019356
15284764658
15682393472
18828407676
15000189906
18282836212
15000183845
15682391799
13001558395
13001306439
18384369024
18113715306
13038268217
18000156802
18783745105
13890275394
18000158820
18882724492
13643000138
18123282455
18780982217
19881934563
15882843964
16621000150
18160178280
18188447740
18384364239
15183507254
15520231520
15680835071
18380612588
18000158842
18000181116
13619029197
17637000131
13778658732
15000130601
13882588806
13518105498
13118471848
13608294094
13679648088
15283624036
13038109399
13643000130
13778280905
18000183499
13001839802
13001828184
15609013622
16621000198
17000133409
13981599755
15000138822
15228588752
17000131982
15283717407
18282633574
13548486270
18116661093
18008234387
18190839161
13092824524
13698325736
13001880086
15681888185
18981662315
13036534340
18428978567
19802875762
18683988565
18482233797
15928669483
13568780416
18990607200
18942811601
15181895925
18635000131
18000188821
13001655103
13438349160
13890232508
18000155833
18635000133
15608014219
15828889860
19802800158
18200485895
15881817345
15298284572
13547267409
18228853286
18282835729
15000139904
13438605190
16628230410
13990182357
13438345038
15282611042
18081649244
13643000187
13568783635
13608095592
18383529662
18202870290
15583954113
13001528292
15000166835
18113253123
15000180906
13001984860
15681703144
18111163731
16683548555
17637000189
19881943793
15008441142
13086502098
15502800455
18181092149
15082715119
13558505922
18381737577
18349445251
18382291475
15983672874
18000181802
15282156943
13882580249
15828835257
15196198615
15000187809
13060186120
15681893714
18635000186
18308369847
18086848119
13795786962
15181066577
18000134191
18383813320
18000158082
13608090666
18188323349
18384975860
15298288244
13699656631
16602890696
18880874790
18000187082
13001389095
18783644252
15983030439
18942813399
13643000165
15000155287
13350968536
18123252228
15182834218
18990613325
18800950392
13688333703
13198633368
15000183083
18228116050
13678289579
17637000135
18284472361
13990299103
18000182806
15000188827
18000137780
18881441575
13689089540
18428971026
16621000186
18000181233
19881532434
18000151081
13808160138
13038267088
18000139821
15202841334
18048667043
17637000150
18382609384
18090998635
18784239616
18882607601
18224264848
15808233316
13643000159
18123235647
13018252395
18483024308
18048776654
13108372767
13668138252
18708265303
13001340289
15881772771
17637000138
13001952213
13795736978
13001335041
18283357080
15828882409
15583982916
18683497149
15000187081
18715889342
13088146924
18398607028
15982872345
15828055422
15502871345
13001365811
18000130366
18383389406
16682994285
18383382191
18802886808
13198444859
18483762964
18244495608
13568984758
18989293858
19882227920
18181115141
18481722639
18144218539
13118310375
17000158810
13096248374
17000136681
18180425844
13699048402
13880441276
18780036344
13550238353
18808070081
18728727842
15183485768
15000180809
13990496795
15228348070
18989298914
13882277798
13629007001
13551714314
13001518217
13001355046
15181061189
18000131183
15000184827
18780959626
13795789270
18802887784
19881375718
13194842784
18000189807
18980759769
18090626592
13001598303
18181988841
18683774202
18000187824
18011502106
18728259668
13001588408
13018176699
13018253654
13881650558
15883060232
18349990105
18380540788
15982934588
18000138827
15228479993
13458119258
17000151083
15583884266
15000138908
13698324165
13001588281
18200481955
15520443984
18034757636
16628064285
15283764222
13541053414
18482601270
18181096617
13882493169
13908161235
19827488457
15881422241
18328303793
18848210096
15182785174
13350197384
18781634285
18215875819
17637000137
15281733116
16621000131
13990836890
17637000182
18635000188
18783742308
15284760715
15982876359
13982501235
18161419557
15881024895
15198126498
13551718603
13001582883
18848494369
18683516542
13629007932
18030981981
16621000151
13036523376
15208422552
15283763482
18228552958
18880831491
15000181081
18683934502
18398631860
18224324584
15883726293
13778005769
18108044883
18011116331
13001838297
15681889945
15082018009
13547100988
18084921507
18000151963
18000133501
13678064733
13118470975
15882417433
18398605957
18380293027
13880163321
13408090513
18383557102
13890223572
18000159286
18483128007
18980101593
18000181906
13032823932
15881588661
15000180304
18828984207
15082011494
13684286525
13350190578
18000165277
13551971543
18108113093
15680699933
18224268107
15198234689
13882586044
13111898508
15281739199
13001838054
16621000188
18382519018
18483765786
13558845384
13540999163
13002870703
15181708645
17637000133
18783343834
13458112503
17000181801
18281849401
13084484990
18123370585
18398028704
13001804040
18000198823
15808261221
13880443978
19808147540
18482397384
18848498202
18086910642
18080019640
18682706282
18683267297
13990496213
16683234088
18384815600
18000198282
18880292272
18349990998
13643000180
17000187814
18048161772
18381732191
18181702129
15198153236
19827864464
13540900694
13548424795
18000182157
15000151827
13458857360
18048822317
18111167577
13198596601
13982837660
18635000155
13036679370
18783830179
18000182801
18281801607
13118338707
15000181139
15282196245
13558841771
13440136142
18383473217
15000189811
13038103796
13643000172
13340988633
18108119155
18881814678
15982428544
18989293046
18980824987
19881867642
18000182028
18200467504
15283271418
13340853602
18000186837
15502877820
13001958385
18000135502
18161411694
18848219176
13684054684
18081262744
15000152821
15082017813
13890428731
15520372008
18224264527
18011501634
15281732791
13350904188
18181704022
18140140694
15181897145
18000188484
18283906771
18200488620
18482735805
13551206632
18180038076
13908169354
13458058127
18398031336
18048660588
18000184830
18190668199
13118411757
13001340285
18684001209
15983422407
15000158817
18981669158
15228347855
15000166282
18728510068
15881444861
18349441089
16628138029
16628329092
18228555634
15982265158
18782494458
13730894073
18281594966
18000151827
18780980473
18030982920
15883692308
18000131982
15502878578
13001656136
13698147839
15884553830
13092821451
15182177026
13001828441
13982055501
15583950768
13001651512
18408275212
13518335258
13111892404
18281089704
18000195083
17637000165
15882668190
13699047499
18708269328
13001868273
13990496047
18140310428
18081081164
18982387400
18708168620
18080549283
13001652752
18281841896
13795981923
13198428309
13678284925
18780209654
18615784126
18382409925
15882267430
18982522204
13550074945
13551797066
18161130055
18080997409
18181902128
18080014274
18040453240
13980639401
13518339724
18081770437
15108162678
18180778384
18382564831
15583781873
13350417851
19881977201
13990335635
18180780339
18181545525
18784871168
18200484620
13980509354
18090996131
18784433195
13541153698
15983034980
18383554986
15183070110
13882279607
13551276560
13309098883
13541793475
13194975037
18161269332
18482815190
18040418436
15892895498
18000183817
18783835612
18000152821
18882710617
19881943079
15281181140
18000183810
13547455760
13108397769
18200559348
15680241344
15284767214
15881657418
18884010701
18140338643
15982461667
18208174543
16683541417
18980753402
18780033808
18482392470
13551970651
18683277269
15828057392
16628278600
18884018632
15608017160
15283767190
18108049562
13108236912
15520322821
15181877369
13118161409
15982899122
18180103599
15882082512
15983833591
18161025266
18123253921
15183825118
18000136981
15520233945
15000137081
18011526928
15283712871
17000158826
18483714522
18383521237
13679073861
18784344292
13001343892
18000182285
18683260476
13679027264
18180135298
15528884379
15982877004
18781635835
13699695448
15000172659
13096243777
17000131947
18228853494
18328203680
13001838029
15228471411
19808145314
13118478391
13320613404
16602895443
18483025526
18990610895
13541659861
15883729180
18148467746
18781402164
15196923436
18349130611
13036536172
18483071066
18781390592
18080049227
18382794179
19802827182
18980108191
18000181610
19848657241
18181547843
18740871083
15528169948
15608125705
19828789797
18000138812
18908190353
13548487026
18728183846
15583980342
15000181481
18081642939
13795506117
15680246485
15528255529
15196190639
15000187028
18284415054
18398024372
13001828056
18000183980
13001388229
18481724588
16682996133
13696151912
18980483291
18081481009
13643000133
13550460748
13778650463
15000182243
18828889317
18183380745
13981122438
18283592543
15281182452
17000158836
18000130962
17000187286
15881770057
15000172144
18349655695
15000156823
13001552817
15982400824
13890954974
13696152927
18880875892
18000166282
18108118472
15181498959
15182185436
13001388165
13419178386
19808216408
16628139584
13643000186
18123354059
18081089373
19848650355
18281088177
18000133409
18308365794
18483719019
16683547739
16683299503
15000182242
18482812575
15528253276
18180170894
18180635776
19881526498
18000151817
13550925110
17000195221
13684284838
17000159824
15520326434
15884559795
18161416410
15828110875
15181067833
18000198287
13551312088
18728512006
15681709216
18086919898
13684467198
18108132279
18080705032
18380451482
18383818424
18428912455
18081640494
13643000181
15882081936
18121999568
18188443846
18784346984
13001878003
18990301696
13880165736
18382565540
15281764347
18000130945
17000182028
13568242365
15883066339
15283452277
18208172850
13880801425
13350963439
18180005740
18081322605
18228162219
15082011086
13408352456
13118312637
17000155838
15000136881
18011241209
13668339588
18990807399
15583981107
18382213079
13194809970
18728725916
18000131988
18000138902
18000156815
15882083093
13990297414
18000159287
18200461689
18682704521
18180172884
18215755433
15000181807
15528881774
15002817200
15828833411
18188441501
19822977688
15681597210
15882122668
13688338709
15881003992
18228166494
19881438920
19828787706
13438853994
18482778251
18802889996
13568244271
19802870867
13982502836
18483125330
18208222864
15828839920
13629090170
13980701449
18111592097
18808491163
15520232359
13198129652
15828189723
15583955598
13001848152
15000182804
15228425295
16621000166
18908106919
18000138828
18908185479
18708260113
16628323458
13568705465
13882748563
18882916520
18682733714
18881812881
18635000139
15000188927
18228115935
15908103915
13086507811
18828989701
18683930432
15984242832
13001812337
13194857959
18000180909
18349529998
13880803739
18328646758
18227899306
18080935562
15681709511
15283625509
15680593185
18848492936
18398078524
13001868288
13438740372
18113820489
18009060040
18981027009
18000182156
18980499524
13730891697
13980707790
13060145448
13036525155
13980708105
13808223896
15282228131
13001848281
18328196469
18848212194
18380115980
15881449893
18635000135
18683275671
13032804401
13548486846
18708256985
13001848273
13118202679
18302870649
13408096966
18030983977
15528718793
19881287890
17000181611
13438664843
18090628107
13001880099
18144214673
15881656053
16621000133
18989296942
18121999311
13890426118
13458350470
13990495030
15182014485
15283275532
18227959545
18980102588
18000134588
13808173212
18728824253
13568980379
18880480174
15182835756
18635000195
13778653114
18880879684
18000181801
15281760053
13890228411
18000189823
17000182243
15982935791
18000181413
18141334869
18349036826
13558509878
13547104715
18942824693
18081265035
18908196189
18200423729
18483123880
18328629888
13350491897
13880504277
13619022884
18683498183
15000180905
17637000195
17000138081
13350102927
15181542454
15000180868
18180422817
13698326944
13001871588
18113823794
18380546116
13643000156
18000152822
13001308432
15892483220
18000172182
13550540461
18381655487
18161414224
15892405477
18116616909
15828790960
15000130182
19881288569
17000188815
18482604828
19827864662
13668135874
18381119703
13551978616
18086847155
19881708099
15000181401
13808226138
13458683556
18800992890
15298287408
18382609013
18482003360
15680090013
15828796458
15000180804
15182171049
13001344013
18181903396
18980094014
15182015769
13696217514
13880502007
13908066903
18117825912
18161462235
15681980932
18000158831
15082457150
18140253152
13419242023
18048823014
18800950382
18980750514
13980635238
15583989494
18081487040
19802803456
18281086998
18000156081
18683711073
15982899430
18990601439
15892446763
15680228077
13880325339
18113719793
18123255990
18398027206
13001820055
19882222808
15283769840
18123385174
15520238087
19881539974
18308233339
15000158828
13980669409
13881382833
18011687687
15208424857
13608299697
18011502657
13668333786
15000139805
18380384106
18011502439
18782156128
13981421027
18908102196
18000135683
15882123617
18428123331
13890881266
18382512986
13795802270
15583367733
19802871689
18981665464
13330990770
15184485584
13679641890
18882603087
15198126904
19802806807
18283351243
13388282387
13808177791
13350639481
13547261829
15892401764
13882714643
19881709853
13408285240
18090620361
13001568069
13036520557
15681940978
18800864816
13541150091
13890953110
18328703086
13060149289
13118410746
13001898034
17000159832
13001811159
13608294174
18398609870
18783317581
16628273396
18781862236
18190668344
13699694329
15609014546
13088147578
15681987499
15881421795
18090949784
13882492109
18381051518
18308369742
18880831149
16621000136
13551314430
13060140686
18048779846
15181702469
18728710562
18380145272
13036538589
18980066396
15881243447
16683237596
18635000187
13699098093
13700926305
15682398683
13001389027
18000181139
13198449840
13619029826
18140161160
18980953175
13036671645
18383819878
18000188804
13540823344
13778107620
18280461642
13778529552
13540998687
18227952271
18116662589
18090943949
18398638259
18200421796
13350412957
19848653539
15680592932
13194811832
13309091291
13608091402
18848213596
18282631030
15283763027
13982050844
13982136343
18280699697
15000131184
15609019241
18981212834
18728254166
15883583968
18383771118
18383476620
15000183821
15681131745
19822970517
18284623025
18982879450
13890230582
18381099830
13795786901
13558504282
18011527457
15608261113
15608017694
18728185072
18383556043
13088141974
13194855534
18000152811
18783973848
18228111286
18000189428
13643000195
18280643620
15000158830
18349027323
15928669716
15202849806
15182784238
18140314011
15228342374
15198150175
13508269873
15583952058
13001808492
18000158281
15881074675
18481524132
15000181801
18728185953
13608295782
15882652983
18281084012
18000181403
13018170031
15583983278
13350497712
18011117540
15183457562
15000198486
16628230259
15281738983
18882919312
18086916709
18215750613
15000189804
18908184898
18380144518
15228232298
13547453042
13890273946
18000183827
18086845806
13350192295
18784343939
13001520284
13678289261
15000188804
19882132779
13778528091
18349562175
13001822426
13118165003
15882375974
15183824536
18000198819
18880437862
18009067623
13118470918
18398020911
13001838111
16602890001
18808492200
13438741073
15983082632
18116664514
13568923420
15681373492
15908102520
18180177456
18482609167
18981461947
18383818813
18096292818
18980099842
18113713466
18123171950
13981513387
15000136581
18000198812
17000186280
15681591763
15583819985
18000180404
15282197733
18113829791
18784230252
18161412674
18382973744
18090933411
13056464777
19881620723
18000134086
15680248825
18728519130
18180633745
18908195046
13408415209
13547268946
18000155205
18140169664
15881427649
18402880614
13679076748
18482608502
18349039848
13558840455
18349333305
13350967666
15281905736
13684130709
13001899022
18000136190
18180006472
15681565276
18244495877
18302875425
13778524032
13350412363
18280462855
15680225679
18881816002
15183070467
13668139197
18802880956
13629008308
13629099105
18280768316
15682461324
18382405287
13688282948
15680697379
18980750084
15892895213
15884080851
13388168060
18200550909
18011248846
18000182240
15284961060
18280692231
15000156810
18280130152
13198592933
18784237391
15609013930
13643000166
18011240391
18328190561
13981595308
18282632129
18227952120
18161022971
18123233799
13558849492
13111895100
13458057396
18681371210
15583760261
18081324418
19828220939
18030983554
18780200848
13438854725
15183484358
15000183286
18784438420
15283924600
18398175355
15982893287
18990302943
15982937032
18000134082
18428977784
18040417714
18881111947
13882291831
15881447217
15000181884
13056560631
18180540458
13038103037
15082011813
18280642086
15000165510
18116614069
13348964156
15082111017
13001518283
15108169978
18144219144
18848219842
15181707542
18981153758
15000187827
18280132092
15283710839
13438666053
18081084517
18683932590
13036532640
15681890102
15183071580
13990186896
15892409560
13001508271
18880482410
15881246442
15198120303
18188325507
18783977634
13688334067
15282619179
18215873711
15282214912
13001958300
13330997565
18180427566
15908208887
15281181090
18148137805
15892444799
15208427925
13778418688
18000135508
18608356437
18884835896
18740873882
15528158984
13398489139
18000151821
13001804866
18180632023
15183894328
18000181811
13438608115
18224321039
18942827957
18188443910
13568927939
15281796880
15284762662
18682730663
18349912487
15002818668
18108138425
18280564995
18000180403
13684286540
17000195838
18000188927
13438604886
18989290988
18161410725
18030446635
15182832369
18382218790
18140312811
15681701952
15680240505
18482735687
15828796718
15000181080
18428978363
18328648390
18382978844
17637000166
15000184817
15983039222
13696213453
15982870059
13550463399
13540530473
18408321346
18180570083
15983084627
13881382450
13551717926
13001399033
15114015955
18280767967
18048667865
13890222969
15008447969
18328708228
13108378595
13036528671
18482576403
18080996790
18783348780
13060021180
13708176168
15528715351
13678136836
15008440399
15281183987
15828111943
18328010390
18280288864
13698323079
13001508245
15892898030
18000156800
18683983212
18715886671
13551315725
18181098289
15002813811
18681749149
13064390126
18123385980
15528732916
18382152778
13890270649
18000130865
15608089534
13340702372
15183506397
19882382579
18608030672
18990611008
18908196926
13388161600
13094553202
17000155281
18882729581
19881944954
18281809620
18228676663
13551970080
19881283422
17000172183
16682993574
18084921044
18000183806
18000181614
18080013781
18782728050
15281762001
18782891987
18181707509
13618097269
13679070682
13118208816
18382154001
13668101531
15520442387
18215606192
13568789034
18081772994
18188328099
15884266389
18000131985
13198896474
15884084335
13678061594
18090405518
17000131948
18000181819
18381654836
13032801824
15983422992
15181066222
18000182805
13551602342
18384599884
18180005384
18283596607
18283359728
15984899345
13890279387
18000182839
18081771023
13092825041
13882492981
19802827097
18280560139
18000136996
18881560461
18828022618
15608019698
19822978920
15208423895
13558842828
15882838822
13548485505
15983677911
19827488209
15881002052
15881811554
18080541721
13001398213
18683499978
15000134388
18482393154
18380454831
19808146685
18800992258
18200420481
15181703814
18782157177
15982406846
18783646994
18140141111
15198233435
13568242625
18788940352
15181070868
18000166081
17000137308
15502872508
13001988222
18328642940
16683290938
15000133206
18990478243
15681569943
13658155833
18000198229
18398602811
18728466748
13402851594
15196379031
18384167560
18116665273
19828786553
18000158928
18000139903
18140085925
13778825833
13118201819
13198596935
18113497297
16683538223
18349656619
15000182156
13038265428
18000198817
18000137308
18880435757
15583789412
15082710330
13990292544
18000135519
15680597863
15984899636
18148467695
18382402832
13982134107
13684057318
15228761524
15182184878
18144210385
15881777818
18784481850
15184489055
19848603870
18982052638
13684464891
15881424930
18215547400
18227955504
18800993643
13388280470
13980626000
18108137733
18081261634
15196927531
13882278535
18190606174
18683261782
18782493715
16602893544
15982408518
18244428740
15000182818
18302877880
18383380143
15000152834
15883691094
18000137959
18160173371
13730890569
15681943232
18283328763
18140142625
18381059282
17000133505
18011502478
13693445266
13882718795
13198440964
13699098198
13980639309
19881753081
13438925879
15681136580
18382511870
18382565543
13458684335
18628042649
18728180143
18081482034
18161264761
13568310378
18081264001
15281115809
13908068032
18123377238
19828220499
18113946422
13882749181
18181114309
18000130381
17000182240
18908108889
18000139906
18113258123
15000131948
15608081302
13348964875
13350109231
15883582845
18384465285
15000133504
15281797315
13689088334
15882810462
15883720988
18635000136
15983213287
18308233159
15000133505
16608129081
17000135502
18782723496
15982427970
19881626498
13540906301
18683272516
18080434447
18208178240
18848490468
19881979265
18482393780
15528730863
13547451730
13096186337
15281730308
18080933806
15583981773
13882831703
13795782228
19828224470
18383388059
15528886536
18161020949
13309098403
19881531528
18000189814
16683234652
15680223290
18848210569
18708199346
15298285693
15181898492
15680832719
15892486361
18000189906
13458058500
18384468543
15000183499
13001598226
15282150472
18881114900
13518107614
15983678309
18481296329
13438346624
19881706962
13458689996
13550924730
17000158289
18282835278
18828984305
13881242632
19808213582
13001828180
15520376606
18383470166
15000151814
13508268487
15682465321
18380610708
18000158824
18090931807
18615789955
13689081894
18181914097
13880165846
18080997770
18781630849
18980829500
15000156809
18428919603
15984249309
13001558376
18635000150
13679645028
18398637855
18181544161
13880169232
18482608039
13118335231
15000139814
18281805221
15983036525
15984240429
13001878144
13540820174
13908113557
13194818845
13036524209
18728711188
18980959597
18784237210
15298288442
13778527887
13808166952
18882008735
18990807719
18161460032
18349658693
18123357098
15520531401
18000188284
15000131949
18882794223
15828980551
18284470736
18008238512
13618098665
13438927453
13778825902
13684130163
13001816017
13060185750
18428974100
18113719877
18090624355
13001838446
15000139811
18908105916
19848657951
18783347352
13508265053
18780956647
15982428326
13880805529
18782897875
18180230439
13795509429
15608084902
18048164856
15828059366
18349039300
15282194441
15008429670
18282639413
13350047936
18000138900
18111599628
18096293721
18382292328
18080544890
13001878397
13808176514
15882088011
18202877528
18908182687
15082712081
18349029347
18781863768
15983032372
13568782561
13778101555
13340703557
15208359128
13118412439
13001848172
15680241819
19827484381
15882657143
15681898992
18090407479
17000155280
13540826111
18740878441
18728606599
15183822578
18113497527
18181906671
13440137272
13458350495
18483713336
13629094149
18208178892
18781634554
18682732144
13086509428
19802827314
13036679026
15181467387
15892512464
18215872397
18081089686
13684136721
13001354115
18030743012
13550196452
18140332144
13550543629
13038107976
18280139734
18908196824
18483125004
18081323361
13980634512
15884080852
17000180849
18000187285
15198155839
18683278922
18382299309
18848492538
18328486200
18228163089
18382609831
18380149789
13882276325
13982137303
18040407926
13696157278
13540908390
18384161456
13518336617
13350635764
18181980552
16602897422
19881860087
18281594984
18000152832
18381057654
15228581769
17000189820
16683235462
18382295238
18781635297
18011527216
13990293732
15000135683
19882220755
18080014506
13419465808
13458685407
18383969064
13118475389
13086505605
18483515799
15208350573
13032806992
18980759745
13198632675
15000136983
19881703345
13408356128
18980100500
18000182286
15000182846
15984921334
18000159848
13679064288
13778282750
18000136844
18244499199
18483078890
18123179301
18180035046
18482004813
13541799266
15528157864
18728718445
18086916838
18140199325
13551204664
13402895349
13688336149
13551794763
19828228715
13882298353
13547269883
15882817207
15000187814
15681062971
18383526488
13036540213
15982896614
18215601942
18382406385
15520321570
18402882686
18123235084
18384970509
18215548027
18482237114
18161027185
18081771504
15680093861
15882379478
15583762024
15882657396
13643000150
18382979518
18382603134
13684139673
13001838109
15228232741
13118202089
18180100362
15828053583
13320617863
15808253887
15182831881
17000198818
13795981459
18140149493
18180429493
18081649393
15908104212
18280695698
15000136790
18190592888
15182780168
13980704535
13908062448
13880163991
13550825545
13990833173
13882589567
15283924587
13881501681
15000156080
18349338781
18781447470
15181067686
18000156082
15881442885
18084923604
18000183028
18181916396
13194808536
13678285490
18000166280
18381773844
18048828803
18482396326
15808425309
18381649176
13688285774
13036493564
18180640503
19881289716
17000188927
18011111200
18481295086
15000158844
15882125814
15808253789
18784481023
18828400717
15000181804
13038107987
19881933826
18728035001
18000184831
18802824222
13689080646
13558509507
15008442092
15828548177
18111160309
15883693055
18000184289
13111897414
13981427453
15520376460
18224065425
18000180081
15682396194
13001824449
18008130758
13882712215
13608092053
13795736450
13001878186
18000155280
15181566662
15000135484
18982384906
17000152083
18683497417
15000181805
18228687421
18188443225
18283593073
18990907827
16683012889
18728204936
15881770113
15000186839
13568783694
16628326803
13982045134
18096295277
13551972922
18880434599
15181749633
15881053224
13350073209
15884269177
18000151815
15000130945
17000158083
18140256017
15928790100
15828986848
15528160885
18349138972
15884081136
13982569977
13350632548
15202847347
18683264883
19827860813
18828404241
15000186832
18981240442
18683986919
13540530297
13619022580
18048165493
18382409808
18048661928
13194773273
18308363264
15928665849
13982832204
13001303282
18908186219
18328199548
13194779851
15884025066
15000158818
15583880848
15000195830
18398606268
18780980256
13608297612
15181062564
18000180810
15002814094
18408273396
13699657444
18140315225
13679649996
15520530985
19808214815
13882587908
18683727442
18090991629
18800860068
15000130366
15528717546
18408279455
13678283266
19881940889
13108395715
18784340852
13001834991
13001870826
13001808148
18161020731
18482571860
18402888412
15183456702
15000189808
18482232370
15528166115
13990291828
18000186813
13982130040
15196507680
17000189803
19828784403
15680877789
15198151466
18702860992
18615780810
15182836224
18381644721
15000189903
15181871323
18202879976
15680221856
18683808568
18000159822
13340984594
18281996792
18284410080
18228685749
15000131981
15008429477
15196508114
17000130365
13092821742
18788945007
18482772128
18123280609
18081321009
18628131566
13550237436
18328701718
15282613220
19881624289
18981152634
18982383782
17000180804
13679062888
16683544022
13880162967
18881013099
13518436700
13568986712
18990303654
18113496911
18828986306
18782721855
13002840866
18681378262
18381657002
15082119690
13001398283
13001598240
15182178884
13001369621
18048775652
18784348027
13001838459
15520598243
18000183801
15198235719
18882713052
18000133984
13982569232
15282191242
13990495306
18882147827
13001811782
15202846286
15881029505
19882546716
13111893810
15881772145
18000187408
16683530952
18090579254
13086506465
18980096558
18428122530
18280649417
15000138902
16628325353
18482150290
15680245083
18783971623
18283355640
18328016861
18615785777
18482159853
15808261190
18882714022
13643000198
13548425022
18784482659
18882140275
13001311831
17000187800
18228168833
18282633025
18113252302
15000166832
15000187828
18113821586
13350101624
13194854804
18000165614
18160170348
13698301497
15182010019
15884444380
13568457021
18008233151
18284416079
13056566749
15681896171
15520237059
18080937048
13118415648
13001354105
19881438102
18384463926
15000188080
18481295191
15000152283
17000182004
18228674250
18000188028
15583813304
18000158812
13982132082
15828882656
18280213587
18781395370
13568240444
18148460156
13056560695
18683492528
15000182806
18000182004
18482773119
18161263164
18224061677
18123236643
13658111814
13619028899
15181899817
18980493319
18086919652
18349561201
18482771960
18908105061
18000152834
15000180347
18884484283
13550078310
15682463412
18148150526
18048822072
13700920744
13350416025
18482572872
19881433645
18181116061
15000151817
15892513671
19881438281
19881865269
15000187813
18148481947
15808236997
18990608354
13658117414
19802803395
15528886303
13096188717
18990614793
18081269700
13408521334
13198129966
18398028810
13001582818
18483125174
18800958216
15182179047
13001894281
15681130160
18080994468
18608103707
18000198278
19881379644
13118319952
17000182802
18982662171
18090939712
18728207451
18848211509
13419240913
18208174874
13778826210
13808163485
18728603410
18682887717
15520378330
18284419138
13458357014
13001898238
17000182805
18000181807
15892444808
18349139928
18382560007
13547101128
15228238042
15114016667
18148155692
15284963065
13980620924
18398073942
13001588107
13679641874
18383380540
15828889152
15283624518
15680839654
13108264739
18482606723
18328201450
13001388150
15000137308
18188446138
18111602039
16683588611
15282921981
18180036859
13547108608
18981463013
18308378898
15681944356
13350044412
18000186280
15882269920
15181542490
15000186817
18784874085
13388160905
13198592524
18716186536
13408284725
13541793464
18283593387
13438349014
15984244632
13001811382
13118339779
18800860827
19881523948
18000182082
18715885655
13064394997
15000187803
18000188811
18981024185
18000183490
18728257382
13001306018
18683983219
18283906230
18800869288
13568241235
13981597707
15000151981
15882841060
13001520842
15502809050
13568703192
18728713679
13408610883
18728255385
13001588181
18000187889
18482814751
18108040407
16683238518
13908018150
18728037973
18000136790
18280767368
18881010612
18000131947
19808216495
13688169524
13094556375
17000158822
18989295916
15881007376
18784436207
16682996482
16683544722
15984241675
13001582888
15984632783
18708198841
13108234729
18681749581
18280461382
15281768490
18483022266
13880503218
15984636231
15828792058
15000150820
15184483978
16628279334
18140312645
18148462443
18081771220
18282835762
15000136882
18228297161
13001899090
18384971168
15892894895
18000186827
13018251808
18428978871
13001838011
18783310501
13890237692
18000158815
15000181116
19848659291
13668138901
18148487983
18181988193
18381118441
18980426457
18482735524
18990220020
18000152849
13808179481
15984897982
18011683071
13001958120
17000188827
18215758189
15000183281
18140147778
15228581265
17000187833
13340850546
18000133881
15828833647
15892486638
18381095786
18881811641
18030446186
13036529853
18080939602
18728821878
15182781968
13778810405
15183457035
18328487901
15680243297
15082457195
15283625545
18781866261
15681880455
13808176422
13699090500
15282210372
13001988194
13982050006
13890061171
13643000136
13795787204
18030744021
13118472964
15808426033
19882137442
13678138714
15528444982
18000158924
18228557875
13668104696
15680595399
18828022183
19827483071
15281184290
18328209672
13001598287
18383473976
18382799567
16628321511
13198129268
18090577125
18123382517
15228476543
18884834030
13980627050
15680835241
13668137528
15682395301
13001898049
15808264795
13696211593
18200488135
18990479380
13619025863
18308368009
18281849578
18040419457
13882587149
13096184304
18383383160
18181986040
13350109505
15008425039
18782496255
15828793800
15000133090
15528155380
13518338766
18215876051
13882276281
13198899123
18000189892
13092829981
16683537785
18728253557
13001980282
15681984063
15882654121
19881971567
13689088351
13194841914
18000183844
15000138081
18011246311
18349657701
18113493141
15982879356
18398633443
18428910475
13088370686
15000189803
17000134080
13558969382
13778527032
15881006708
18180133094
18228682756
18215751578
15000135411
13990338394
18683982615
18140317718
18081648137
15608128947
19881942182
18090403294
17000151818
15583788618
18880874168
18000182833
18382154286
18080701586
18281802224
18781449235
18121998731
15884552215
18880294860
15680696710
15828186461
13619028067
18081771548
13696215100
13001842897
18302877878
13340702043
18381093466
13118338039
15000135512
15583789022
13778819998
18383962314
15528033678
15528151027
13540828052
18308235035
15000134586
18384167216
15680923610
15808231653
18011525992
18881119995
18040402662
18000139806
16602895212
18281591225
15283763872
15283768868
18783972255
13036545720
15681790436
18227952046
18681743357
15183502984
13002879940
13001872825
13001988186
18280132860
18384590011
18990617700
18161461909
15984634150
16621000165
13699659876
18783344387
13890952643
13778283287
15000151982
15883729654
18190834993
18349332395
15283927626
18140144834
15983426064
15000156819
13198422066
18781633369
18882604007
18716184917
15828050383
18090937724
16628068923
13684057447
15983030398
18040455776
18090943274
18980100735
18000187287
13419463223
13198139439
18482396070
18160170085
13890884493
18161414441
19881938063
18349032026
15681887391
13001388124
15883069960
18783645968
16683589100
13111891431
13350411417
18802886329
13990181717
13036534533
15281796520
15000182807
18000156806
15281181933
16628276697
18140335653
15182172097
13001952211
15184485866
13350073054
13408615840
13540530274
18108114423
13551713923
13001598246
13118312576
15000187838
15520536483
18384361972
13350569588
18882797118
18190831910
15982401842
15183664539
18615787572
13032806184
18989295993
18108136920
18382604735
18048168154
18140335097
18982876938
18140169425
18683937593
18381646910
13088142032
18482573956
18383470881
15282155759
18215759092
18383022762
13540907978
15228767896
13508268119
15108165960
18180775759
15983422882
15000180813
13438922149
15228341575
18980066888
19877703781
13699047940
18383557308
15682464164
15681989342
18113710134
13438859972
18383819622
18000188482
18140256136
18181704031
15228427778
13518435855
18884837476
13038107018
18780986871
15682396100
13001588284
17000186827
13990690847
18280423747
13458687858
18982661616
18080939452
18244429540
13038107971
15884265453
18000139904
18384367932
18781636188
15828881031
15281908075
15520444394
18481723219
15808369704
13982562074
18228854701
15183450081
15000158810
18123231005
15000195825
18215607396
18782893694
18482551357
15528440700
18781390844
13551973162
15583880400
18123384348
13568784562
15681597494
15828540654
15982264482
15196506640
17000181614
18384369302
13908069811
13568314106
15281832143
18384974613
13696216763
17000139903
15108307799
18398177999
18086847656
18381117849
18280691489
15000155202
13882836996
18000152083
13684059053
13551796239
18683729908
18349138449
13086503475
18783742073
13880321998
13699097693
18382798436
18980482248
18383552729
18483072674
18161027884
13558849760
18981210341
18908101445
18000158844
15228589882
17000180115
13658111638
18090577826
15982464493
15681564086
13699652711
15228584735
17000186832
13982131758
15528254372
18008139081
18180178637
13547105375
15198126434
13198139992
19808149266
15828795610
15583986940
15908100924
15681707017
18281809549
18280133504
18828984455
15984895135
18148137543
18728510950
13002844473
18482390445
15608081089
18384813015
13795987326
13118161501
13618099030
19808148719
13698145283
15082114741
13001355054
13699691380
18280560345
18000138804
18780039634
13668130906
13693443326
18384467767
15000181906
15808233654
13458052568
15882087510
18113252905
15181878950
18280649061
15000136782
18708263117
13001377882
15182836700
18880439551
15583787732
18383520318
18080437843
15680244360
18228161292
13350410069
15183823300
17000151835
15828835802
13982047879
15196926590
13094551422
17000188080
18224496653
15882416416
18284414087
15283455188
15000134028
18990807059
18608350443
15681893093
18628042854
18180425068
18180647305
13558616693
13419467005
15528154444
18990607709
18349993812
15882837151
13541659167
13547458613
17000165198
15681373240
13608297510
13419171042
13778822551
18111164109
19882133453
13679027880
18981666970
13551713108
13001377852
15680838733
18782151569
19827486854
19802877631
18281085788
18000165066
16602891164
18398076376
13001588426
18000137783
18882713842
15000151140
15228422847
18283355179
15082715582
18328487321
13882279215
18180109692
18349997442
18000186840
15182784455
15502808953
15181467967
13880803487
18683725426
18190596199
18683933318
15680244732
18880483889
13668103913
15882377755
18180785662
15828830286
19882548759
15892486098
15182010668
13108378212
15198230173
13882959767
13001343834
18382565094
13540991146
15183458237
15000184821
18482236928
13547266637
18682738791
18228294829
13541051511
15282228365
13001838177
13551271599
18980951931
13194855939
18000155839
13001319812
18181986568
15881721210
18980349889
17000156808
18942822184
15983081989
15114017835
13032821658
18683276339
13018258049
18982874600
18880484643
15983835925
18000181401
18228313604
18227896735
13350904609
18383810508
18000159082
13550071447
18908180651
18224497741
18011113812
18000180488
15682391459
13001880849
13990410434
19827861976
18398604427
13981427412
18349527202
13880443123
13320615825
18982523003
13699099366
18034757671
18882729280
13550541373
18227893241
13388162975
18140166469
15196374781
18000186835
18349528516
19881753489
13408281673
13001812328
18908192720
18800951774
13568985774
15828982713
18048820024
13890950414
13982048469
15502874515
13001369830
19822973121
15108419622
15882128151
15984636519
18382158264
18030988208
13908013653
19881521127
18000187844
18030981129
15181496851
18034719770
13350042631
18000183280
18740878381
13118169929
15983421342
18283447390
15000180404
18881118466
15182775604
18382978389
19881864914
15881811087
13778107961
13568788295
13699699612
18880439424
18280219154
18148468818
18180234629
13348868615
18781865297
15000131985
18008230958
15881723693
18140317149
18011688706
18990304759
18180545926
15284764702
18282831661
15000158285
13980626160
18090933337
18781861327
13084323628
18181988260
18180002851
13908166536
18402885151
19881750780
15281116492
15181875481
13118203133
18483515483
15681061058
17000136781
13092824484
18283593189
18030983695
15000181219
18180632477
18349567885
13558503148
19882382836
15680594378
19881700158
13001878098
18982050217
19881534175
13541790623
13518333882
15908103157
18228113251
13032801487
18781861811
13990492023
13194852851
18000187843
15881441344
18284471455
15881582425
15681988176
15502877815
13001377832
13508262110
13808179004
15984244211
13001398250
15984891274
13880544358
15528174095
15198213962
16628320638
19848602776
18381778384
13094553093
17000180347
13668134353
18784878839
18080704081
18123284529
13194859218
13118471348
15881240176
13708177535
13518330500
18228117756
18398027380
13001820048
15283624137
18181117123
15000158924
18942812652
18740877151
18224063377
18848495622
13981429457
13551312116
19848655301
18380612116
18000138816
18784872589
18328700212
18990807568
15183459986
18183387474
13419241165
18884832487
13458854742
13398483213
19881439997
18383388354
18381099930
13618090114
13458352975
13679641794
13547108366
17000181480
18828022745
13032827421
13388182740
13679060160
18228163422
18281087154
18000188820
18113822787
15002814902
18848212751
13108399138
18384818408
18081265661
18000131839
15828889381
13880801488
18781403918
13350568623
18398603037
15680226155
13619025688
15881243380
15982878343
18384162650
13198594806
13880166224
13980708021
13438925067
13981596157
15000187802
18683514493
15228585593
17000152817
18161023183
18828885852
15528714952
18160179398
15284767489
13568310764
19881621573
13064392664
13550548032
15680873536
13568708165
13458054367
13001820046
18781399403
13408412641
18080436368
18402882996
18228299793
13001988143
13908112103
13808163791
18800998181
13980509143
18381058810
18113256037
13001356831
13084485193
18728462095
13990332455
18080017388
18113719074
18708194581
18382212166
13908068496
13036529618
13982567689
15082718133
13548488995
13309095397
13419468091
18982385706
17000188008
18224321543
15828794033
15000183284
19881934779
18180545280
13096189409
18800990353
15283715014
15983219297
13001828108
18144217290
13890064856
13088145481
18161265352
13419243484
18380544241
13730896346
13795802147
13708173311
13118317835
17000139811
15284966687
13548424524
13001568022
18383814776
13778823423
18481296947
15000155203
18784489428
15882831685
15183664278
18000182815
18244424626
18116610508
18030748023
15881585158
15000189904
13108390338
18990321646
18882001155
18880481555
13881506480
15000150821
13001355197
13679641599
15681880250
13388280305
18284471052
18781865098
18080936425
18030449700
18380147727
18715880933
13002849412
15281792326
18982050526
13990831210
19881539640
18000165275
13551276745
13880326826
18981667060
18802823410
13551279573
18283532520
18783316222
18048826843
17000182005
18161139981
18380618799
18000181601
13629009877
18990471857
15228422670
15983838885
18000155838
13458688257
15182780685
18681376487
18180425013
18280760639
13882717576
15892489591
15108414565
18282638881
18283359950
15681791019
13088148098
18482552798
13982048086
13668109589
18123176413
15908105242
18980827072
18398027491
13001872860
13981598848
15000135500
13036494947
13982836449
15608014074
13568700177
18181902104
18381055704
16683011719
13699691450
13108268045
18482605283
18080938318
18381647340
13795504654
13982501518
18108110345
13795735108
13001800906
15082012454
18398071638
13001878095
19802828190
13350068583
13408417036
18328204436
13001343874
13547107960
13001582898
13183975269
18782897892
15528177405
13350494662
13194773309
13698322727
13001558398
15281769523
13408096138
13118332433
15583889795
15000182802
15984631969
18208221519
18781408373
18482001259
13696155507
13350106147
18000134389
18224324740
15520325012
18828025589
18111160020
18380295357
18280426986
15528253531
18481720235
15882837281
15882666255
13350411838
13808164824
19848658333
18800955045
15680695959
13550822259
13881656103
13982567424
13198632158
18000189800
13348862616
13547454738
18349331979
18030745625
13340855202
18140085691
13679075914
18108044465
13088142735
19881439507
19808218315
18180575763
15681982574
18482394263
13438603334
15198159623
13541797526
18080431476
18215655165
15680098941
18190604064
13108269207
15182185723
13001809057
15680594873
18048162575
15228474159
15183487653
13778323666
18383818285
13568788578
13778285259
18000172951
15983038525
18113943030
13982836883
18000183822
18224490832
18780982468
15181700616
13679029295
13990182035
18349526062
15108412500
18090937348
13808226851
13194842337
18000134083
18282834198
18215603787
15681068706
15882123071
13550921216
17000131182
15281790908
18161026436
18148462462
18780203276
13550923677
17000189811
15000195831
18180132813
18980340163
15283923235
13550463511
15528030427
13198591690
13518106332
13890274373
13541655124
15528152122
15881584274
18608106004
18000152836
13882796363
15883721751
18215651694
13880543274
13990831648
15208422386
15882836360
18383470180
15000172951
13551716426
13001828073
18123352310
18728202975
16683295819
15000172687
18383526650
15182174788
18181092758
15228768973
18000182155
15881420453
18881118341
17000172181
18982385993
17000158818
15583363192
13419241706
13890278338
18000159824
15982877577
13558966961
13881389179
13096188894
13696153134
15182773211
18708163059
13541658870
13908117832
18481526952
15000135586
15982937074
18398636688
18740876150
15883585037
13198630131
15000183801
18349137324
15183665994
18000138081
15528449404
18908196161
13540908613
19881437740
13096188474
15196506500
17000181132
15000130843
15983087760
13990292455
18000183848
15528719517
18227892667
13547456647
16683230118
18728511088
18111598861
18280286603
18180770131
13408099528
18782722804
19822976976
18828407981
15000180082
18881812966
18990613973
15828557060
13981515677
16628275743
15082455005
18113943174
18780959589
13808172540
18980957988
13194815310
18181988629
15808235002
18160175782
18283358288
13183977808
13036543986
18892763861
13778657268
13540537248
19828780284
18000180116
18483077460
13036546984
18981151820
13508264040
19882546227
13402856798
13550237999
15681138726
18702860930
18215779129
15000135589
18784437590
18123254600
13678288285
15608126415
15184483004
18884485950
18800861066
18708192947
15108302144
18882144543
13001388044
13679063791
15984923472
18000159830
15183825408
18000134388
13568986588
18123381992
18990329995
18181985200
15198124335
18808499330
13548487526
19822971953
18681375287
18808071863
15982932885
18000182279
13518106684
13518434363
18140087903
15881441705
18683262284
19828227530
18181988537
13699040747
18148037032
15520595867
13668334100
18034718343
13882296233
15183766502
13001721430
18728187183
13194776154
13908169120
13438344402
13550465293
13088375765
15000130365
13440139018
15682398900
13001598383
18000180309
18683931286
19882228204
16608123870
17000165613
18683805856
18000159842
13001309455
17000151815
15000188482
15984637721
15884557677
16683536926
18381735950
13778820811
18683726797
15908202976
18144217197
13982565624
15181334039
15182773014
13698329735
15828056272
13678060231
18283327804
13092826843
15000180111
15680592252
13198236889
15892441243
18383814799
18000180906
13001569284
18482557807
18040407986
18384818378
13696052260
13668130399
18990323755
18140256985
15181460383
19882543203
13419170710
15228340155
18380619512
15282153130
18781399178
18880487847
13388286096
13088370120
15000183827
13980633854
19848651049
13990495374
13551314220
18382791644
18608036317
18784874139
18398630462
18161267991
13558849403
15681378013
13540991208
18381659992
15680923725
15828835717
13118412458
13001872871
18161023832
15528713149
18482006078
18682887017
18382403389
15181067790
18000136934
18048827891
15183769013
13001588444
13084487873
13880802632
13699693107
18090998349
18782455140
18382100094
18140088759
18682735943
18090997157
18882795898
15680925262
15082012263
13548420210
18161465909
18349650429
15000182444
18281995080
18000182278
18224263981
19882138576
15520239887
18608109281
15281760439
18784875300
18080545945
13001814031
15502877844
13001958322
15184480931
18780205159
18398178828
13320611064
18011245421
13698301599
15828052979
18308376627
13408357358
18283908896
16683549077
13001848371
18682880008
18884018986
13547266947
15000172181
13032801055
18227958305
15808259712
13890428022
15828793345
15000198274
18380613435
18000184823
13980703839
13086508890
18483713316
18188442890
18180004439
18161419959
15984898221
13018258611
15583885869
15000155833
18080543734
13001958262
13118410540
13882957428
13001528118
17000186281
13882830535
18428974625
18081321585
18086845414
18030449092
13088373210
15000135409
13348960187
18381731293
13194855967
18481291389
15000183816
13658113161
13550079636
15680595021
18381090033
13568317702
18228315618
18881565787
13419461035
13038269964
18000182802
18048660363
15528735047
18788940167
18981661205
18608359870
15882667132
15808428791
13696156277
18113821297
13890951797
18040409273
15908101862
15181709437
18080433540
18228315794
18908108895
18000180487
19881944251
15108419130
18081267454
13795784604
18980100753
15282219596
13001377881
13808167808
17000158842
18000172181
15883693219
18000183845
18008132111
19802873833
13679065627
15282615887
18628046204
15908206624
18381641889
13730899010
16683237161
18708260620
18113823875
18382973665
13882741086
18683495157
15000135183
13990336412
18482813710
18728038469
13001367906
18980106669
18728716709
18280695312
18728829733
13890950104
18011248332
13001303810
15520440227
18030982321
13551207703
15228345322
13882276510
13678130073
13795989056
18280423277
15882419512
15608128912
15196506986
17000133488
15183829835
18000138822
13778006832
18284412437
18282639469
18284413992
18081265484
18090997821
13882495839
18980341686
17000188810
18000135410
13060142439
15283754505
18882004178
18398076756
13001367902
18683276153
13795982001
18482601461
18782492328
18383382808
13608098389
18224268496
18034753831
13982043846
18398031605
13001552871
18000184281
18349991518
13643000155
16628237408
18728030583
18880873005
18000188840
13699095033
15982713204
18215777222
13350564837
18483126512
18349337931
13108232965
18008137020
13881505488
15000139825
13198420537
18188443300
18615787897
13880160725
13684288129
18981159057
18781399412
18161413132
13551790859
18040353717
18982054291
18090404515
17000135417
13618095195
13881388741
15283719443
15881247007
13198639370
15000139821
15000181905
15884021329
15000158281
18382518409
13060188538
15609012147
15984892773
15608262579
15881077226
13880165934
18800864722
13550541742
13550824168
13679649417
18728186150
18113941540
15984637174
18608353565
13980628068
18683721597
18000184815
15000186828
17000186081
15198215203
13458113516
17000156815
15808427324
18384466044
15000181811
15002812978
18683776275
18000187803
18181914388
13438740587
13880443720
19881536806
18000195221
16628324174
15881589741
15000189081
18000181815
18181706403
18308375561
13778817459
18828987124
13908119528
17000156806
13056566456
13438347913
13668106010
15283713968
15982262351
18880430875
18180642277
18281084037
18000158810
15228471387
18011681863
13558846523
18608034555
13350499576
13619026824
15983830614
18000182242
13882492879
18381776099
13882494860
16608124066
17000134084
18113949467
13668337166
13198237935
19881937544
13980622873
18780201854
15196373731
18000187836
13982506346
18227956316
18381659988
18000158845
19881867016
15982718021
15881653366
18181702941
18030981854
13001356892
18782158124
13198134149
13458052517
13398486068
18000155204
18780038875
15228232613
13778654508
15000133506
17000189081
18000181442
13551274064
13194809852
18783748642
13778814489
13990693495
19882222864
18181705683
18880489005
18080048073
15284767099
18608030129
13980667724
13890232218
18000181115
13092824763
18181988375
18981028021
18000134192
15114015775
15528449971
13551609372
13458058321
15000135502
18780983982
15681792439
18382601101
15181706767
15520593432
13001528176
15583813956
18000184821
15828116811
18380548005
13198232083
15502806964
18482602168
15680224017
18942819463
18188446507
13550926961
17000184281
16682991099
13696215707
13541052816
18113828860
18380147557
15884023343
13547102395
13438606746
18382605974
15008424720
13194819268
18882794303
13679075974
18215657980
18782458550
18382400819
18008130050
18980100396
18349034863
15283926936
13350633093
18000139815
15000181800
15982269409
18081645754
18081269310
15000189801
18000151814
18383526590
13890950394
19881524860
18180105107
18780209110
18728251033
13001519812
13002872495
13118475822
18282836802
15000188288
18283350201
13882295913
15892449546
18780200487
18161139594
13094554960
17000198815
18000188802
13880449004
16628276301
18284418128
18384819178
19881758482
15283755791
13408610601
13990330988
18881013048
18000135586
18280216659
18224266271
18048777024
18283908500
13458854122
18683980275
18161415842
18383383257
18228114172
15183076631
15884780208
15108417614
15181465455
18084929774
15882125644
13808227073
18682884177
13032828910
13348962264
15502876659
13001582811
13700927257
18181119342
18215549071
15182839791
15196921218
15883584403
18283320690
15984636238
18123176588
18980497090
18882724439
13002871853
18008234163
13002871389
13568985124
18108130187
18161469298
13309091397
15882129124
15082719016
13982136428
18200463549
18008135088
18349991698
18382405259
16682991761
13981424211
13678065855
18881016324
13458350633
15181896380
13540531217
15882837483
18981460473
18981665410
18090400641
17000135409
18882604967
13350561704
13908112336
13551790698
15228589962
17000198028
15198234114
15984926670
18000180817
18483128511
15682469119
13568310574
15884089649
13730898681
18682706316
18040414835
18090942944
15881778337
15108308639
15882417131
13408288201
13778828620
13036541570
13064391144
18381098427
18081264065
15183450884
15000182828
15000198813
18881013211
18000183833
13795789822
13194800929
13018250350
13558507186
15892894978
18482002866
18482236934
13350075474
15908100012
13990832326
18000187081
18981469455
13001511401
15982897633
13548420844
18708198274
13568313697
18398038377
13001335090
15183073226
18881567592
18783838191
18000195838
18000183286
18989290847
13547260491
19881813873
18000151813
13108231944
18349917525
18482732669
15892449007
13086506654
15883692905
13618093823
15884022333
15000195221
13908063862
15884020227
15000136890
13890884430
17000159834
13198441328
18224061864
15892443856
15000135509
17000188484
18224325154
18892763485
15808231166
18188329183
13679061840
15884268929
18000166028
13551209181
18982872369
18808492548
13981512840
15000159828
18828405376
13908111717
18030446713
18380113996
13882291591
18383553991
18980483706
18781866073
15281183587
17000183280
18282631518
18280465431
15881020062
18302875990
18800951410
18728724996
18180035145
13699093720
18428126656
18108114609
13795801539
15808252736
15680590394
18161139310
15884551905
19808144400
13890883688
13982047377
18408273609
18683719651
18181090993
13608098961
15228348495
18481291866
15000189909
15183456405
15000195832
15681599078
13194858021
13808164180
15881819532
13001568188
15208424252
18108046014
18228554904
13438927271
15984246734
13001390806
15502871996
13001518189
18180546920
13440131492
18228112050
18280465213
18148034448
18728469501
18180579421
13388185245
15892890149
13084326793
13795781550
13118315693
17000181166
18483123058
18380454120
18161268149
13320612909
18123231562
17000137958
18284629001
13350109833
18783978566
15528035310
13118330981
18380451523
13982043031
13882839761
18908184345
18380456250
15181493524
13032805349
13388185209
18283532015
18328701261
18482777228
13981124351
13001890819
15883724811
18980068447
13684464745
18683985802
18180424175
15196927242
15181545614
15000135689
13688284134
18382976813
15583810929
18000183843
18190837434
13438340445
13990182482
15184488862
18140310440
13438668508
13778412151
13684131105
13198125837
18283351155
15982715881
18181908378
15680830228
15881078732
18113822095
15882833361
18482151708
18113710659
18990905892
13518438979
13880500097
13408096538
13198592584
18683724438
18740873571
13388180590
15183481892
15000181115
18188323867
15528739833
15002812368
18123383019
13458850199
18980102288
18000180869
16682995911
18181094132
18980824535
15680693082
13194976214
18781864677
13198598603
13684286091
17000182833
18140330977
18980957937
13438922237
15283765408
15183821660
18000159834
15000180817
15196199773
13778102233
13088378293
15000182844
15198235020
18683265092
19802821860
17000166283
15884080443
18011245324
18000187282
13778002989
18244422341
18784234678
18381118632
15608088856
18384461935
18784484683
15583889294
15000186838
18000139828
18000133309
18682738575
13881386072
15583984007
15281118766
18398074233
13001819083
18383773491
18800958412
18116612766
15181075601
18000139081
15208428194
15502871324
13001368413
13001340841
15828118247
13458852213
18034750895
13882833654
13688164006
15282191099
15202842568
13540990164
15608082219
13699045761
19848609504
13778528240
18090577086
13881658183
18349332615
15183760029
13001340835
18283594206
15583781466
18281805516
15181065493
13001366833
13551979593
18008131908
18884018237
18783642908
15828882630
15808264327
15828541876
18398026289
13001878894
15528257800
15198213546
15082451950
13880321737
18981246143
18180002265
18283538280
13547455412
13508269670
15881811611
18683519254
15281736763
18349338765
19802878122
15828548388
13679079970
18208173312
18180231072
13419246907
18784344057
13001311189
18180549120
13730891865
15881777028
18482817608
13890278855
18000183849
13060148535
13408416336
18148134967
15982894297
15198121019
18482777040
18181902162
18783978616
13679644259
13881244594
13698147965
15208356521
15082711995
13330992550
18011529506
18482574054
18141336730
15282613339
18398027057
13001811116
18608107322
13086502950
15681895504
18113712392
13408529839
18990614690
18980758801
15882263290
13111891805
15983216396
13001662827
18398601273
18780955595
13882791126
13419174713
18802885096
13350967072
13658112013
18228681225
18990228965
18000152817
15608125907
18942815522
13001838260
19881284172
17000139806
13032821350
15528251318
18482005477
18030982178
18034717903
13678134360
13558502756
15828838135
13551274696
13981513621
15000183287
13882740716
13350561451
18384973172
15882662458
18000136796
18228162801
13108262961
18882005960
18381057001
16683234675
15198155972
13551798767
18982388752
17000136782
15283459063
15000183837
15228238676
18228672830
18892760354
13194857385
18000152819
13118200454
18982052271
18683499514
15000183490
18281996593
18728720593
13882585222
18715886283
13880507853
18780346974
18780038394
13541055903
19881970809
13990295684
18283596278
18283327532
15283274068
13890066646
18280698628
18180646753
18981243591
13350499014
18215659436
13980708807
18682703048
18200465142
18383814363
15208424195
18802881995
18280281654
15196503636
17000156811
18481727192
13540538920
18383776918
18800955544
18111602702
13518334498
19848651715
15182180613
13001721441
15982873629
13981123587
18800993594
15281790169
18349029037
18781446869
18782455381
15181468635