18802013791
13533409385
13690386277
13527791785
14891963198
13553750807
14715237067
13377542866
14832204380
18927289969
13010207229
14714674412
18312665312
19867888745
13713889915
18933273549
14865456501
14858781566
13044273826
13554888556
18676793558
18818834729
13172026175
19521144396
18819863394
13074431502
16668549059
13922857462
13025862345
13531643244
13530899919
18813843545
15089140275
18929704577
14744653944
18025644815
13432870863
18825289885
13414058875
13413208659
13682818354
13622567072
13652820797
13430576036
13620075006
19886159752
14776665885
18033307115
13411412603
13410800518
13538762343
16625347369
13926035751
13725987229
13610460033
15107681748
13928205931
13790939782
19874121800
14754993356
13790195350
14803124926
19832703845
14749906447
19513962247
13428331297
18128575523
18318517644
18219143513
18138247294
13927157099
13431776926
18319180913
14867202285
15692036812
13530097213
15626406375
13798789295
14870141954
14715433302
15013013479
13622438230
15018693428
17247516262
18475181438
13924262619
13112904455
14744320765
15816649461
14816835336
15994904729
13428726745
18802562342
14858938040
15999986594
19200500203
18198487982
18824625211
14779461552
19886340997
18928452471
13046866009
13427643851
14774258862
15119012748
15915210790
16616793625
14744831023
13528768043
13822140815
14770128766
13538742730
15819580183
15099880447
13018679311
13790157099
19820027345
13316538273
18122964712
13168791446
15507530186
18188613031
13542908942
16602049174
13010575910
14794197994
15217614785
13555660243
14770478902
13544573728
13421904870
18025138493
15603094347
14707609039
13416902883
17273744018
18128284552
18466190925
17271369842
13928926705
17288193224
18466458213
13702419763
13410442659
13432146153
13729210884
13553369159
18681469207
19865784202
13423378632
13829770772
16616739654
15876286715
17205973169
13691883529
18820532082
15976285597
13554788869
18826025981
13427844350
14835488020
13714541510
13427746327
19076197302
15089535822
15113834908
13189828594
17279704177
18126179212
18666209989
13924307136
13005521124
13450633926
13178443625
13416860376
13416203857
15817810051
13542687513
13602873199
16625740559
15976471793
13417316123
13112364944
13128341453
13066864149
13412131050
18029340757
18718802272
13660547475
13421110312
13662862493
13044210909
16626303420
13710768866
13802765122
13662365207
13318132201
14816172020
13826422043
13692146421